"Time"	"1 nw-801"
-0.999999	0
-0.979998	0
-0.959997	0
-0.939996	0
-0.919995	0
-0.899994	0
-0.879993	0
-0.859992	0
-0.839991	0
-0.819990	0
-0.799989	0
-0.779988	0
-0.759987	0
-0.739986	0
-0.719985	0
-0.699984	0
-0.679983	0
-0.659982	0
-0.639981	0
-0.619980	0
-0.599979	0
-0.579978	0
-0.559977	0
-0.539976	0
-0.519975	0
-0.499974	0
-0.479973	0
-0.459972	0
-0.439971	0
-0.419970	0
-0.399969	0
-0.379968	0
-0.359967	0
-0.339966	0
-0.319965	0
-0.299964	0
-0.279963	0
-0.259962	0
-0.239961	0
-0.219960	0
-0.199959	0
-0.179958	0
-0.159957	0
-0.139956	0
-0.119955	0
-0.099954	0
-0.079953	0
-0.059952	0
-0.039951	0
-0.019950	0
0.000051	0
0.020052	1
0.040053	7
0.060054	5
0.080055	4
0.100056	2
0.120057	2
0.140058	2
0.160059	2
0.180060	2
0.200061	2
0.220062	1
0.240063	2
0.260064	1
0.280065	1
0.300066	2
0.320067	1
0.340068	2
0.360069	1
0.380070	1
0.400071	2
0.420072	1
0.440073	1
0.460074	2
0.480075	1
0.500076	1
0.520077	2
0.540078	1
0.560079	1
0.580080	1
0.600081	1
0.620082	1
0.640083	1
0.660084	1
0.680085	1
0.700086	1
0.720087	1
0.740088	1
0.760089	1
0.780090	1
0.800091	1
0.820092	2
0.840093	1
0.860094	1
0.880095	0
0.900096	1
0.920097	2
0.940098	0
0.960099	1
0.980100	1
1.000101	1
1.020102	0
1.040103	1
1.060104	1
1.080105	2
1.100106	0
1.120107	1
1.140108	1
1.160109	0
1.180110	1
1.200111	1
1.220112	1
1.240113	1
1.260114	1
1.280115	1
1.300116	2
1.320117	0
1.340118	1
1.360119	1
1.380120	2
1.400121	1
1.420122	0
1.440123	1
1.460124	0
1.480125	1
1.500126	1
1.520127	1
1.540128	1
1.560129	0
1.580130	1
1.600131	1
1.620132	1
1.640133	0
1.660134	1
1.680135	1
1.700136	1
1.720137	0
1.740138	1
1.760139	1
1.780140	1
1.800141	1
1.820142	0
1.840143	1
1.860144	1
1.880145	1
1.900146	1
1.920147	0
1.940148	1
1.960149	1
1.980150	1
2.000151	0
2.020152	1
2.040153	1
2.060154	1
2.080155	0
2.100156	1
2.120157	1
2.140158	1
2.160159	0
2.180160	1
2.200161	1
2.220162	0
2.240163	1
2.260164	0
2.280165	0
2.300166	1
2.320167	1
2.340168	0
2.360169	1
2.380170	1
2.400171	0
2.420172	1
2.440173	0
2.460174	1
2.480175	0
2.500176	1
2.520177	0
2.540178	1
2.560179	0
2.580180	1
2.600181	0
2.620182	1
2.640183	0
2.660184	1
2.680185	1
2.700186	1
2.720187	0
2.740188	1
2.760189	1
2.780190	0
2.800191	1
2.820192	1
2.840193	0
2.860194	1
2.880195	0
2.900196	2
2.920197	0
2.940198	1
2.960199	0
2.980200	1
3.000201	1
3.020202	1
3.040203	0
3.060204	1
3.080205	1
3.100206	0
3.120207	1
3.140208	1
3.160209	0
3.180210	1
3.200211	0
3.220212	0
3.240213	1
3.260214	0
3.280215	1
3.300216	0
3.320217	0
3.340218	1
3.360219	0
3.380220	1
3.400221	0
3.420222	1
3.440223	1
3.460224	0
3.480225	1
3.500226	0
3.520227	1
3.540228	0
3.560229	1
3.580230	0
3.600231	1
3.620232	1
3.640233	0
3.660234	1
3.680235	1
3.700236	0
3.720237	1
3.740238	1
3.760239	1
3.780240	0
3.800241	0
3.820242	1
3.840243	0
3.860244	1
3.880245	1
3.900246	0
3.920247	0
3.940248	1
3.960249	0
3.980250	0
4.000251	1
4.020252	1
4.040253	0
4.060254	0
4.080255	1
4.100256	0
4.120257	1
4.140258	1
4.160259	0
4.180260	1
4.200261	1
4.220262	0
4.240263	1
4.260264	0
4.280265	1
4.300266	0
4.320267	0
4.340268	1
4.360269	0
4.380270	1
4.400271	1
4.420272	0
4.440273	1
4.460274	0
4.480275	2
4.500276	0
4.520277	0
4.540278	0
4.560279	0
4.580280	1
4.600281	1
4.620282	0
4.640283	0
4.660284	1
4.680285	0
4.700286	1
4.720287	0
4.740288	1
4.760289	0
4.780290	1
4.800291	1
4.820292	0
4.840293	0
4.860294	0
4.880295	1
4.900296	0
4.920297	0
4.940298	2
4.960299	0
4.980300	1
5.000301	0
5.020302	1
5.040303	0
5.060304	1
5.080305	0
5.100306	0
5.120307	1
5.140308	0
5.160309	1
5.180310	0
5.200311	2
5.220312	0
5.240313	0
5.260314	1
5.280315	0
5.300316	1
5.320317	0
5.340318	1
5.360319	0
5.380320	1
5.400321	0
5.420322	0
5.440323	0
5.460324	0
5.480325	0
5.500326	1
5.520327	0
5.540328	1
5.560329	0
5.580330	0
5.600331	1
5.620332	0
5.640333	0
5.660334	0
5.680335	1
5.700336	0
5.720337	1
5.740338	0
5.760339	1
5.780340	0
5.800341	1
5.820342	0
5.840343	0
5.860344	1
5.880345	0
5.900346	0
5.920347	0
5.940348	0
5.960349	1
5.980350	1
6.000351	0
6.020352	0
6.040353	1
6.060354	1
6.080355	0
6.100356	0
6.120357	1
6.140358	0
6.160359	1
6.180360	1
6.200361	1
6.220362	0
6.240363	0
6.260364	0
6.280365	0
6.300366	0
6.320367	1
6.340368	0
6.360369	0
6.380370	1
6.400371	0
6.420372	0
6.440373	1
6.460374	0
6.480375	1
6.500376	1
6.520377	1
6.540378	1
6.560379	0
6.580380	0
6.600381	0
6.620382	1
6.640383	1
6.660384	0
6.680385	0
6.700386	0
6.720387	0
6.740388	1
6.760389	0
6.780390	1
6.800391	1
6.820392	0
6.840393	1
6.860394	0
6.880395	1
6.900396	0
6.920397	0
6.940398	1
6.960399	0
6.980400	1
7.000401	0
7.020402	1
7.040403	2
7.060404	0
7.080405	0
7.100406	0
7.120407	1
7.140408	1
7.160409	0
7.180410	1
7.200411	1
7.220412	1
7.240413	0
7.260414	0
7.280415	0
7.300416	1
7.320417	0
7.340418	1
7.360419	0
7.380420	0
7.400421	1
7.420422	0
7.440423	0
7.460424	1
7.480425	0
7.500426	0
7.520427	1
7.540428	0
7.560429	0
7.580430	0
7.600431	0
7.620432	0
7.640433	1
7.660434	1
7.680435	1
7.700436	0
7.720437	1
7.740438	0
7.760439	0
7.780440	1
7.800441	0
7.820442	2
7.840443	0
7.860444	0
7.880445	1
7.900446	0
7.920447	0
7.940448	1
7.960449	0
7.980450	0
8.000451	0
8.020452	1
8.040453	1
8.060454	0
8.080455	0
8.100456	1
8.120457	0
8.140458	0
8.160459	1
8.180460	0
8.200461	0
8.220462	0
8.240463	1
8.260464	0
8.280465	0
8.300466	1
8.320467	1
8.340468	0
8.360469	1
8.380470	0
8.400471	1
8.420472	0
8.440473	0
8.460474	1
8.480475	0
8.500476	0
8.520477	0
8.540478	1
8.560479	0
8.580480	1
8.600481	0
8.620482	1
8.640483	0
8.660484	0
8.680485	0
8.700486	1
8.720487	0
8.740488	1
8.760489	0
8.780490	0
8.800491	0
8.820492	1
8.840493	0
8.860494	0
8.880495	1
8.900496	0
8.920497	1
8.940498	0
8.960499	1
8.980500	0
9.000501	0
9.020502	1
9.040503	0
9.060504	0
9.080505	0
9.100506	0
9.120507	1
9.140508	0
9.160509	0
9.180510	1
9.200511	0
9.220512	0
9.240513	1
9.260514	1
9.280515	0
9.300516	0
9.320517	0
9.340518	1
9.360519	0
9.380520	0
9.400521	1
9.420522	0
9.440523	0
9.460524	1
9.480525	1
9.500526	0
9.520527	0
9.540528	0
9.560529	1
9.580530	0
9.600531	0
9.620532	1
9.640533	0
9.660534	0
9.680535	0
9.700536	0
9.720537	0
9.740538	0
9.760539	0
9.780540	0
9.800541	0
9.820542	0
9.840543	0
9.860544	0
9.880545	1
9.900546	0
9.920547	0
9.940548	0
9.960549	0
9.980550	0
10.000551	1
