"Time"	"1 nw-2"
-0.999999	0
-0.979998	0
-0.959997	0
-0.939996	0
-0.919995	0
-0.899994	0
-0.879993	0
-0.859992	0
-0.839991	0
-0.819990	0
-0.799989	0
-0.779988	0
-0.759987	0
-0.739986	0
-0.719985	0
-0.699984	0
-0.679983	0
-0.659982	0
-0.639981	0
-0.619980	0
-0.599979	0
-0.579978	0
-0.559977	0
-0.539976	0
-0.519975	0
-0.499974	0
-0.479973	0
-0.459972	0
-0.439971	0
-0.419970	0
-0.399969	0
-0.379968	0
-0.359967	0
-0.339966	0
-0.319965	0
-0.299964	0
-0.279963	0
-0.259962	0
-0.239961	0
-0.219960	0
-0.199959	0
-0.179958	0
-0.159957	0
-0.139956	0
-0.119955	0
-0.099954	0
-0.079953	0
-0.059952	0
-0.039951	0
-0.019950	0
0.000051	0
0.020052	0
0.040053	0
0.060054	3
0.080055	5
0.100056	2
0.120057	3
0.140058	2
0.160059	2
0.180060	1
0.200061	1
0.220062	1
0.240063	2
0.260064	1
0.280065	2
0.300066	0
0.320067	2
0.340068	2
0.360069	3
0.380070	1
0.400071	1
0.420072	2
0.440073	2
0.460074	1
0.480075	2
0.500076	2
0.520077	1
0.540078	2
0.560079	0
0.580080	1
0.600081	2
0.620082	2
0.640083	1
0.660084	0
0.680085	2
0.700086	2
0.720087	0
0.740088	2
0.760089	2
0.780090	1
0.800091	0
0.820092	3
0.840093	1
0.860094	2
0.880095	1
0.900096	1
0.920097	2
0.940098	1
0.960099	1
0.980100	2
1.000101	1
1.020102	2
1.040103	2
1.060104	0
1.080105	2
1.100106	1
1.120107	1
1.140108	2
1.160109	1
1.180110	2
1.200111	1
1.220112	1
1.240113	2
1.260114	1
1.280115	2
1.300116	1
1.320117	2
1.340118	2
1.360119	1
1.380120	2
1.400121	1
1.420122	2
1.440123	1
1.460124	2
1.480125	1
1.500126	2
1.520127	1
1.540128	2
1.560129	1
1.580130	2
1.600131	1
1.620132	1
1.640133	1
1.660134	2
1.680135	1
1.700136	2
1.720137	1
1.740138	2
1.760139	0
1.780140	2
1.800141	1
1.820142	2
1.840143	1
1.860144	2
1.880145	1
1.900146	2
1.920147	0
1.940148	1
1.960149	1
1.980150	2
2.000151	1
2.020152	1
2.040153	1
2.060154	1
2.080155	2
2.100156	1
2.120157	1
2.140158	2
2.160159	1
2.180160	2
2.200161	1
2.220162	3
2.240163	1
2.260164	1
2.280165	1
2.300166	1
2.320167	2
2.340168	1
2.360169	2
2.380170	1
2.400171	1
2.420172	2
2.440173	1
2.460174	2
2.480175	1
2.500176	1
2.520177	2
2.540178	1
2.560179	1
2.580180	1
2.600181	1
2.620182	2
2.640183	1
2.660184	1
2.680185	2
2.700186	1
2.720187	2
2.740188	1
2.760189	1
2.780190	0
2.800191	2
2.820192	1
2.840193	2
2.860194	1
2.880195	1
2.900196	1
2.920197	1
2.940198	1
2.960199	1
2.980200	2
3.000201	1
3.020202	1
3.040203	1
3.060204	1
3.080205	0
3.100206	1
3.120207	2
3.140208	1
3.160209	1
3.180210	2
3.200211	0
3.220212	1
3.240213	2
3.260214	1
3.280215	1
3.300216	1
3.320217	2
3.340218	1
3.360219	1
3.380220	1
3.400221	2
3.420222	1
3.440223	0
3.460224	2
3.480225	1
3.500226	1
3.520227	1
3.540228	1
3.560229	1
3.580230	1
3.600231	1
3.620232	2
3.640233	1
3.660234	0
3.680235	2
3.700236	1
3.720237	0
3.740238	0
3.760239	2
3.780240	1
3.800241	1
3.820242	1
3.840243	2
3.860244	0
3.880245	1
3.900246	1
3.920247	2
3.940248	1
3.960249	1
3.980250	1
4.000251	1
4.020252	1
4.040253	1
4.060254	1
4.080255	1
4.100256	1
4.120257	1
4.140258	1
4.160259	1
4.180260	1
4.200261	0
4.220262	1
4.240263	1
4.260264	0
4.280265	1
4.300266	1
4.320267	0
4.340268	1
4.360269	2
4.380270	1
4.400271	1
4.420272	1
4.440273	1
4.460274	1
4.480275	1
4.500276	1
4.520277	1
4.540278	0
4.560279	1
4.580280	1
4.600281	0
4.620282	0
4.640283	1
4.660284	0
4.680285	0
4.700286	1
4.720287	1
4.740288	1
4.760289	1
4.780290	1
4.800291	2
4.820292	1
4.840293	0
4.860294	1
4.880295	1
4.900296	1
4.920297	1
4.940298	1
4.960299	1
4.980300	0
5.000301	1
5.020302	1
5.040303	2
5.060304	1
5.080305	1
5.100306	1
5.120307	2
5.140308	1
5.160309	1
5.180310	1
5.200311	1
5.220312	2
5.240313	1
5.260314	1
5.280315	1
5.300316	1
5.320317	2
5.340318	1
5.360319	0
5.380320	0
5.400321	1
5.420322	2
5.440323	1
5.460324	1
5.480325	1
5.500326	1
5.520327	1
5.540328	2
5.560329	1
5.580330	1
5.600331	1
5.620332	1
5.640333	1
5.660334	0
5.680335	2
5.700336	1
5.720337	1
5.740338	1
5.760339	1
5.780340	1
5.800341	1
5.820342	2
5.840343	1
5.860344	1
5.880345	1
5.900346	1
5.920347	1
5.940348	1
5.960349	0
5.980350	0
6.000351	0
6.020352	1
6.040353	1
6.060354	1
6.080355	1
6.100356	1
6.120357	2
6.140358	1
6.160359	1
6.180360	1
6.200361	1
6.220362	1
6.240363	1
6.260364	1
6.280365	1
6.300366	1
6.320367	1
6.340368	1
6.360369	1
6.380370	1
6.400371	1
6.420372	1
6.440373	1
6.460374	1
6.480375	1
6.500376	2
6.520377	1
6.540378	1
6.560379	1
6.580380	1
6.600381	1
6.620382	0
6.640383	0
6.660384	1
6.680385	0
6.700386	0
6.720387	2
6.740388	1
6.760389	1
6.780390	0
6.800391	1
6.820392	1
6.840393	1
6.860394	1
6.880395	1
6.900396	1
6.920397	1
6.940398	0
6.960399	1
6.980400	1
7.000401	1
7.020402	1
7.040403	1
7.060404	0
7.080405	0
7.100406	1
7.120407	1
7.140408	1
7.160409	1
7.180410	0
7.200411	1
7.220412	1
7.240413	1
7.260414	1
7.280415	1
7.300416	1
7.320417	1
7.340418	1
7.360419	1
7.380420	1
7.400421	1
7.420422	1
7.440423	1
7.460424	1
7.480425	1
7.500426	1
7.520427	1
7.540428	1
7.560429	1
7.580430	1
7.600431	0
7.620432	2
7.640433	1
7.660434	1
7.680435	1
7.700436	1
7.720437	1
7.740438	1
7.760439	1
7.780440	0
7.800441	0
7.820442	1
7.840443	1
7.860444	1
7.880445	1
7.900446	1
7.920447	1
7.940448	1
7.960449	1
7.980450	1
8.000451	1
8.020452	1
8.040453	1
8.060454	0
8.080455	1
8.100456	1
8.120457	0
8.140458	0
8.160459	1
8.180460	0
8.200461	1
8.220462	1
8.240463	1
8.260464	0
8.280465	1
8.300466	1
8.320467	1
8.340468	1
8.360469	1
8.380470	1
8.400471	1
8.420472	0
8.440473	1
8.460474	1
8.480475	1
8.500476	1
8.520477	1
8.540478	1
8.560479	1
8.580480	1
8.600481	0
8.620482	1
8.640483	0
8.660484	1
8.680485	1
8.700486	1
8.720487	1
8.740488	1
8.760489	1
8.780490	1
8.800491	1
8.820492	1
8.840493	1
8.860494	1
8.880495	1
8.900496	1
8.920497	1
8.940498	1
8.960499	1
8.980500	1
9.000501	0
9.020502	0
9.040503	1
9.060504	1
9.080505	1
9.100506	1
9.120507	1
9.140508	1
9.160509	1
9.180510	1
9.200511	1
9.220512	1
9.240513	1
9.260514	1
9.280515	1
9.300516	1
9.320517	1
9.340518	1
9.360519	1
9.380520	1
9.400521	1
9.420522	1
9.440523	1
9.460524	0
9.480525	1
9.500526	1
9.520527	1
9.540528	1
9.560529	1
9.580530	1
9.600531	1
9.620532	1
9.640533	0
9.660534	1
9.680535	1
9.700536	1
9.720537	1
9.740538	1
9.760539	1
9.780540	1
9.800541	0
9.820542	1
9.840543	0
9.860544	0
9.880545	1
9.900546	1
9.920547	1
9.940548	1
9.960549	1
9.980550	1
10.000551	1
