"Time"	"1 untitled"
-0.200000	0
-0.180000	0
-0.160000	0
-0.140000	0
-0.120000	0
-0.100000	0
-0.080000	0
-0.060000	0
-0.040000	0
-0.020000	0
0.000000	0
0.020000	9
0.040000	8
0.060000	7
0.080000	9
0.100000	9
0.120000	11
0.140000	9
0.160000	9
0.180000	6
0.200000	7
0.220000	6
0.240000	6
0.260000	6
0.280000	6
0.300000	6
0.320000	5
0.340000	6
0.360000	5
0.380000	5
0.400000	5
0.420000	5
0.440000	6
0.460000	4
0.480000	5
0.500000	6
0.520000	3
0.540000	6
0.560000	4
0.580000	5
0.600000	5
0.620000	4
0.640000	6
0.660000	3
0.680000	5
0.700000	4
0.720000	4
0.740000	5
0.760000	4
0.780000	5
0.800000	4
0.820000	3
0.840000	6
0.860000	3
0.880000	3
0.900000	6
0.920000	3
0.940000	5
0.960000	4
0.980000	3
1.000000	5
1.020000	4
1.040000	4
1.060000	4
1.080000	3
1.100000	4
1.120000	4
1.140000	4
1.160000	3
1.180000	0
1.200000	0
1.220000	0
1.240000	0
1.260000	0
1.280000	0
1.300000	0
