"Time"	"1 untitled"
-0.200000	0
-0.180000	0
-0.160000	0
-0.140000	0
-0.120000	0
-0.100000	0
-0.080000	0
-0.060000	0
-0.040000	0
-0.020000	0
-0.000000	0
0.020000	12
0.040000	9
0.060000	9
0.080000	12
0.100000	12
0.120000	15
0.140000	15
0.160000	10
0.180000	8
0.200000	6
0.220000	8
0.240000	6
0.260000	6
0.280000	6
0.300000	6
0.320000	5
0.340000	6
0.360000	5
0.380000	5
0.400000	5
0.420000	5
0.440000	4
0.460000	6
0.480000	3
0.500000	6
0.520000	3
0.540000	5
0.560000	4
0.580000	3
0.600000	5
0.620000	4
0.640000	3
0.660000	4
0.680000	4
0.700000	4
0.720000	4
0.740000	4
0.760000	3
0.780000	3
0.800000	3
0.820000	3
0.840000	5
0.860000	3
0.880000	3
0.900000	3
0.920000	3
0.940000	3
0.960000	3
0.980000	3
1.000000	1
1.020000	3
1.040000	3
1.060000	3
1.080000	3
1.100000	3
1.120000	3
1.140000	2
1.160000	1
1.180000	0
1.200000	0
1.220000	0
1.240000	0
1.260000	0
1.280000	0
