"Time"	"1 nw-401"
-0.200000	0
-0.180000	0
-0.160000	0
-0.140000	0
-0.120000	0
-0.100000	0
-0.080000	0
-0.060000	0
-0.040000	0
-0.020000	0
-0.000000	0
0.020000	7
0.040000	6
0.060000	3
0.080000	6
0.100000	7
0.120000	7
0.140000	9
0.160000	9
0.180000	3
0.200000	4
0.220000	5
0.240000	3
0.260000	3
0.280000	3
0.300000	3
0.320000	3
0.340000	3
0.360000	3
0.380000	3
0.400000	3
0.420000	2
0.440000	1
0.460000	3
0.480000	3
0.500000	3
0.520000	1
0.540000	2
0.560000	3
0.580000	2
0.600000	1
0.620000	3
0.640000	1
0.660000	2
0.680000	3
0.700000	0
0.720000	3
0.740000	1
0.760000	2
0.780000	1
0.800000	2
0.820000	2
0.840000	1
0.860000	2
0.880000	1
0.900000	1
0.920000	2
0.940000	1
0.960000	2
0.980000	1
1.000000	2
1.020000	0
1.040000	2
1.060000	0
1.080000	2
1.100000	1
1.120000	1
1.140000	1
1.160000	1
1.180000	0
1.200000	0
1.220000	0
1.240000	0
1.260000	0
1.280000	0
1.300000	0
