"Time"	"1 untitled"
-0.200000	0
-0.180000	0
-0.160000	0
-0.140000	0
-0.120000	0
-0.100000	0
-0.080000	0
-0.060000	0
-0.040000	0
-0.020000	0
-0.000000	0
0.020000	14
0.040000	13
0.060000	12
0.080000	15
0.100000	15
0.120000	15
0.140000	15
0.160000	15
0.180000	9
0.200000	9
0.220000	12
0.240000	9
0.260000	9
0.280000	9
0.300000	9
0.320000	9
0.340000	9
0.360000	9
0.380000	9
0.400000	9
0.420000	9
0.440000	6
0.460000	9
0.480000	9
0.500000	8
0.520000	7
0.540000	9
0.560000	8
0.580000	7
0.600000	9
0.620000	6
0.640000	9
0.660000	9
0.680000	6
0.700000	9
0.720000	6
0.740000	9
0.760000	6
0.780000	9
0.800000	7
0.820000	8
0.840000	6
0.860000	9
0.880000	6
0.900000	8
0.920000	7
0.940000	8
0.960000	7
0.980000	6
1.000000	9
1.020000	6
1.040000	8
1.060000	7
1.080000	8
1.100000	7
1.120000	6
1.140000	7
1.160000	7
1.180000	0
1.200000	0
1.220000	0
1.240000	0
1.260000	0
1.280000	0
