"Time"	"1 untitled"
-0.200000	0
-0.180000	0
-0.160000	0
-0.140000	0
-0.120000	0
-0.100000	0
-0.080000	0
-0.060000	0
-0.040000	0
-0.020000	0
0.000000	0
0.020000	9
0.040000	14
0.060000	13
0.080000	13
0.100000	15
0.120000	16
0.140000	12
0.160000	8
0.180000	9
0.200000	9
0.220000	11
0.240000	10
0.260000	9
0.280000	9
0.300000	8
0.320000	9
0.340000	7
0.360000	9
0.380000	9
0.400000	7
0.420000	8
0.440000	9
0.460000	6
0.480000	9
0.500000	6
0.520000	9
0.540000	6
0.560000	8
0.580000	7
0.600000	6
0.620000	9
0.640000	6
0.660000	6
0.680000	7
0.700000	7
0.720000	7
0.740000	6
0.760000	7
0.780000	6
0.800000	6
0.820000	7
0.840000	6
0.860000	7
0.880000	6
0.900000	6
0.920000	6
0.940000	6
0.960000	6
0.980000	5
1.000000	7
1.020000	6
1.040000	6
1.060000	6
1.080000	5
1.100000	6
1.120000	5
1.140000	6
1.160000	6
1.180000	0
1.200000	0
1.220000	0
1.240000	0
1.260000	0
1.280000	0
1.300000	0
