"Time"	"1 untitled"
-0.200000	0
-0.180000	0
-0.160000	0
-0.140000	0
-0.120000	0
-0.100000	0
-0.080000	0
-0.060000	0
-0.040000	0
-0.020000	0
-0.000000	0
0.020000	11
0.040000	12
0.060000	15
0.080000	15
0.100000	15
0.120000	17
0.140000	14
0.160000	9
0.180000	9
0.200000	9
0.220000	9
0.240000	9
0.260000	9
0.280000	8
0.300000	8
0.320000	7
0.340000	8
0.360000	7
0.380000	8
0.400000	7
0.420000	7
0.440000	6
0.460000	7
0.480000	6
0.500000	6
0.520000	6
0.540000	6
0.560000	6
0.580000	6
0.600000	5
0.620000	6
0.640000	6
0.660000	6
0.680000	5
0.700000	5
0.720000	4
0.740000	4
0.760000	4
0.780000	3
0.800000	3
0.820000	2
0.840000	4
0.860000	2
0.880000	2
0.900000	2
0.920000	1
0.940000	1
0.960000	2
0.980000	1
1.000000	0
1.020000	0
1.040000	0
1.060000	0
1.080000	0
1.100000	0
1.120000	0
1.140000	0
1.160000	0
1.180000	0
1.200000	0
1.220000	0
1.240000	0
1.260000	0
1.280000	0
