"Time"	"1 nw-401"
-0.200000	0
-0.180000	0
-0.160000	2
-0.140000	0
-0.120000	0
-0.100000	0
-0.080000	0
-0.060000	0
-0.040000	0
-0.020000	0
-0.000000	0
0.020000	16
0.040000	15
0.060000	15
0.080000	15
0.100000	17
0.120000	15
0.140000	18
0.160000	12
0.180000	12
0.200000	10
0.220000	9
0.240000	9
0.260000	11
0.280000	10
0.300000	9
0.320000	9
0.340000	9
0.360000	8
0.380000	9
0.400000	9
0.420000	9
0.440000	8
0.460000	9
0.480000	7
0.500000	9
0.520000	9
0.540000	9
0.560000	6
0.580000	9
0.600000	9
0.620000	6
0.640000	9
0.660000	7
0.680000	8
0.700000	7
0.720000	9
0.740000	6
0.760000	9
0.780000	6
0.800000	9
0.820000	6
0.840000	8
0.860000	7
0.880000	6
0.900000	8
0.920000	7
0.940000	7
0.960000	7
0.980000	8
1.000000	7
1.020000	6
1.040000	6
1.060000	8
1.080000	7
1.100000	6
1.120000	7
1.140000	7
1.160000	5
1.180000	0
1.200000	0
1.220000	0
1.240000	0
1.260000	0
1.280000	0
