"Time"	"1 nw-401"
-0.200000	0
-0.180000	0
-0.160000	0
-0.140000	0
-0.120000	0
-0.100000	0
-0.080000	0
-0.060000	0
-0.040000	0
-0.020000	0
0.000000	0
0.020000	4
0.040000	4
0.060000	6
0.080000	7
0.100000	8
0.120000	9
0.140000	12
0.160000	12
0.180000	6
0.200000	6
0.220000	5
0.240000	5
0.260000	5
0.280000	5
0.300000	5
0.320000	6
0.340000	4
0.360000	5
0.380000	5
0.400000	4
0.420000	5
0.440000	6
0.460000	3
0.480000	6
0.500000	4
0.520000	5
0.540000	4
0.560000	5
0.580000	4
0.600000	5
0.620000	4
0.640000	5
0.660000	3
0.680000	5
0.700000	4
0.720000	4
0.740000	5
0.760000	4
0.780000	4
0.800000	5
0.820000	3
0.840000	5
0.860000	4
0.880000	4
0.900000	3
0.920000	6
0.940000	3
0.960000	5
0.980000	4
1.000000	3
1.020000	5
1.040000	3
1.060000	5
1.080000	3
1.100000	4
1.120000	4
1.140000	4
1.160000	3
1.180000	0
1.200000	0
1.220000	0
1.240000	0
1.260000	0
1.280000	0
1.300000	0
