"Time"	"1 nw-401"
-0.200000	1
-0.180000	0
-0.160000	0
-0.140000	0
-0.120000	0
-0.100000	1
-0.080000	0
-0.060000	0
-0.040000	1
-0.020000	0
0.000000	0
0.020000	10
0.040000	8
0.060000	10
0.080000	10
0.100000	11
0.120000	11
0.140000	12
0.160000	11
0.180000	8
0.200000	8
0.220000	8
0.240000	10
0.260000	8
0.280000	7
0.300000	8
0.320000	8
0.340000	9
0.360000	7
0.380000	6
0.400000	5
0.420000	5
0.440000	5
0.460000	7
0.480000	4
0.500000	4
0.520000	4
0.540000	5
0.560000	5
0.580000	4
0.600000	7
0.620000	7
0.640000	7
0.660000	5
0.680000	9
0.700000	6
0.720000	5
0.740000	6
0.760000	8
0.780000	7
0.800000	7
0.820000	6
0.840000	5
0.860000	5
0.880000	6
0.900000	4
0.920000	4
0.940000	2
0.960000	1
0.980000	4
1.000000	6
1.020000	4
1.040000	4
1.060000	5
1.080000	7
1.100000	5
1.120000	8
1.140000	7
1.160000	5
1.180000	0
1.200000	0
1.220000	0
1.240000	0
1.260000	0
1.280000	1
1.300000	0
