"Time"	"1 nw-801"
-0.200000	0
-0.180000	0
-0.160000	0
-0.140000	0
-0.120000	0
-0.100000	0
-0.080000	0
-0.060000	0
-0.040000	0
-0.020000	0
0.000000	0
0.020000	9
0.040000	7
0.060000	8
0.080000	9
0.100000	12
0.120000	14
0.140000	15
0.160000	13
0.180000	9
0.200000	9
0.220000	8
0.240000	8
0.260000	7
0.280000	8
0.300000	7
0.320000	8
0.340000	6
0.360000	6
0.380000	7
0.400000	6
0.420000	8
0.440000	6
0.460000	6
0.480000	6
0.500000	6
0.520000	5
0.540000	6
0.560000	6
0.580000	6
0.600000	5
0.620000	5
0.640000	6
0.660000	5
0.680000	6
0.700000	6
0.720000	4
0.740000	5
0.760000	6
0.780000	5
0.800000	4
0.820000	6
0.840000	5
0.860000	4
0.880000	6
0.900000	5
0.920000	4
0.940000	6
0.960000	3
0.980000	6
1.000000	6
1.020000	3
1.040000	6
1.060000	3
1.080000	6
1.100000	3
1.120000	6
1.140000	3
1.160000	5
1.180000	0
1.200000	0
1.220000	0
1.240000	0
1.260000	0
1.280000	0
1.300000	0
